04;;2021041958460||1;;(1)*(x-(0))^2+(-1);;[0, -1];;[0, -1];;1,0;;395
17;;2021041958330||1;;(1)*(x-(1))^2+(-1);;[1, -1];;[1, -1];;1,0;;518
08;;2021041958327||1;;(1)*(x-(-1))^2+(0);;[-1, 0];;[2, 1];;0,0;;160
16;;2021041958375||1;;(1)*(x-(2))^2+(2);;[2, 2];;[2, 2];;1,0;;179
05;;2021041958283||1;;(1)*(x-(-2))^2+(3);;[-2, 3];;[1, 2];;0,0;;218||2;;(1)*(x-(1))^2+(2);;[1, 2];;[-1, 2];;0,0;;107
01;;2021041958282||1;;(1)*(x-(0))^2+(-3);;[0, -3];;[-3, 0];;0,1;;347
12;;2021041958279||1;;(1)*(x-(1))^2+(2);;[1, 2];;[1, 2];;1,0;;414
08;;2021041958389||1;;(1)*(x-(-3))^2+(3);;[-3, 3];;[-3, -2];;1,1;;270
09;;2021041958462||1;;(1)*(x-(2))^2+(-2);;[2, -2];;[-3, 2];;1,0;;820
20;;2021041958281||1;;(1)*(x-(1))^2+(0);;[1, 0];;[0, 0];;1,1;;273
10;;2021041958282||1;;(1)*(x-(3))^2+(3);;[3, 3];;[-1, -1];;0,0;;705
21;;2021041958549||1;;(1)*(x-(2))^2+(-1);;[2, -1];;[2, -1];;1,0;;83
02;;2021041958616||1;;(1)*(x-(1))^2+(3);;[1, 3];;[1, -2];;0,0;;54
03;;2021041958281||1;;(1)*(x-(1))^2+(-1);;[1, -1];;[1, -1];;1,1;;339
06;;2021041958283||1;;(1)*(x-(0))^2+(-3);;[0, -3];;[-3, 0];;0,1;;363
14;;2021041958283||1;;(1)*(x-(0))^2+(-1);;[0, -1];;[0, -1];;1,1;;220
18;;2021041958703||1;;(1)*(x-(3))^2+(3);;[3, 3];;[-3, 2];;1,0;;312
